graphs/p2p-Gnutella04.txt 10876 39994 6560 4317 0.023167
graphs/soc-Epinions1.txt 75879 508837 42176 32223 0.182977
graphs/soc-sign-bitcoinalpha.txt 3783 24186 540 3235 0.007355
graphs/soc-Slashdot0902.txt 82168 948464 10559 71307 0.318967
graphs/test_1.txt 7 6 3 3 0.000039
graphs/twitter_combined.txt 81306 1768149 12248 68413 0.488015
graphs/web-BerkStan.txt 685230 7600595 109406 334857 1.663475
graphs/web-Google.txt 875713 5105039 371764 434818 2.149857
graphs/web-Stanford.txt 281903 2312497 29914 150532 0.719150
graphs/wiki-Vote.txt 7115 103689 5816 1300 0.021762
